22897343805333882599753456154425865866449746239008577460686897069390129462900
44072547591607271353454992306037241686952329176703759325917367016797364123286
45051255339576562012695185029407337307055091323120901903064924333262480314348
22897343805333882599753456154425865866449746239008577460686897069390129462900
44855285752684586429228322244147547178769439037135174967836425200747914825685
6712155268094252065105538178257412882602231095753770241255613270473678704498
25234003586177679421957124104338059038445727868524426488785243010269994817281
38360414574700264545577981819271863137597922847923075787349406713172216566407
41769253170839863929995354526045356183874707079381963996621717128107884326691
22897343805333882599753456154425865866449746239008577460686897069390129462900
44855285752684586429228322244147547178769439037135174967836425200747914825685
6712155268094252065105538178257412882602231095753770241255613270473678704498
25234003586177679421957124104338059038445727868524426488785243010269994817281
38360414574700264545577981819271863137597922847923075787349406713172216566407
31265972592721476139403795011348532949971243108238777540398374926405132571873
22623776683540948740283255386716187768599588979754087145857349902769372348651
14506456794529195046825547237465391290331108024774428432184402043738363989365

